1 5 8 14 22 48 50 58 70 76 91 95 96 98 107 108 130 131 132 134 136 139 145 149
7 25 40 50 56 66 70 84 93 95 117 131 132 137 141 145 149
3 8 13 15 18 19 37 48 53 56 57 62 64 87 92 110 118 120 137 144 146 149
8 11 24 56 70 72 73 87 88 91 128 129 132 136 137 148
13 18 33 48 53 62 64 66 74 80 95 98 100 108 115 117 130 144 149
48 53 63 96 100 134 137 139 149
0 7 8 11 14 18 19 51 57 59 73 87 95 107 137 149
22 30 51 54 67 77 107 131 146
29 30 36 39 48 50 55 66 103 108 135 137 142 144
8 16 22 29 48 57 62 67 70 114 118 125 139 149
2 15 18 36 48 51 54 70 80 115 125 128 131 135 149
8 11 20 28 30 48 50 57 92 95 100 107 115 120 125 139
11 15 22 25 50 62 64 72 80 87 103 108 128 129 137 142 149
53 57 115 130 137 139 144
8 14 18 21 25 30 33 48 57 62 64 66 92 120 124 125
11 15 25 34 50 51 64 65 80 82 91 92 108 118 125 129 130 139
14 15 19 51 54 70 83 87 103 107 118 131 136 139
4 7 8 15 28 30 37 49 52 54 62 64 88 95 110 118 129 131 136 139 149
2 53 62 80 84 92 98 99 135 137
50 55 56 62 64 66 76 86 92 98 108 118 130
0 8 15 55 70 74 80 92 100 118 120 131 132 134 137 139 144
8 53 68 125 139 145
48 51 52 53 56 73 78 103 115 120 123 135 137 139
0 3 14 23 50 51 61 62 69 70 74 76 107 142 148
7 11 18 23 30 50 51 66 100 115 123 125 131 135 137 144 146
8 11 13 18 41 48 69 70 73 77 120 122 125 129 131 134 137 139 144
30 40 48 50 54 57 64 66 76 80 81 84 88 92 93 136
2 3 4 11 15 18 23 24 29 30 48 53 64 65 77 80 84 95 96 108 129 137 139
3 8 13 15 19 21 32 55 62 64 95 98 103 114 115 118 137
21 48 50 51 55 64 76 78 87 118 130 134 137 139 149
8 18 48 51 54 62 67 70 72 92 115 129 130 135
3 50 80 82 107 115 120 125 129 130
0 4 8 18 22 36 50 54 56 66 129 131 144
0 7 8 15 19 22 38 48 51 62 70 114 119 128 141
5 8 15 17 25 30 31 55 57 62 64 80 82 92 100 107 110 115 118 132 149
2 8 15 30 40 57 60 62 64 66 67 70 72 80 95 103 112 114 125 129 132 139
0 7 8 15 27 30 36 48 50 57 62 80 118 137 139
15 19 48 54 62 64 66 68 79 87 114 128 130 136 147 149
18 30 48 50 62 63 70 102 103 119 129 136
2 3 19 26 39 43 48 50 57 70 84 119 131 132 136 137 139 146 147
11 15 18 29 37 48 60 70 92 93 103 108 114 119 120 125 135 137 142
8 13 15 48 55 67 84 114 127 128 139 149
3 13 15 16 46 48 68 69 82 93 118 129 141 148 149
8 13 27 37 48 50 53 55 60 80 84 95 125 136 137 139 149
13 19 56 70 125 131 137
15 33 47 55 70 80 116 120 136 145 146 149
1 8 15 17 37 39 49 50 72 80 87 88 100 108 110 125 129 139
8 19 30 50 62 66 86 121 128 137 146
13 18 44 48 51 57 72 80 84 88 115 137 144 149
4 8 13 30 46 50 54 64 70 74 82 110 118 130 131
4 13 14 29 30 37 51 56 60 62 70 75 100 110 149
18 34 38 57 64 70 82 106 126 136
8 13 18 21 53 62 64 67 76 103 132 137
13 15 18 50 69 93 149
5 8 11 16 64 70 86 91 100 107 125 132 149
11 15 51 57 67 72 81 84 93 100 103 114 128 132 134 136 137 149
10 48 71 82 114 115 128 132 134 139 149
2 19 29 30 39 40 64 69 74 80 86 100 136 142 145 149
2 3 54 62 84
2 15 18 22 29 30 37 48 52 65 70 86 88 92 93 96 104 107 120
50 55 77 100 145
4 13 19 30 37 46 48 73 76 87 128 131 136
13 24 29 35 37 46 48 50 55 62 70 76 80 107 136 137 139 145
8 16 18 25 48 50 51 55 66 79 108 110 115 118
17 65 82 92 118 129 130 137 139 142
7 13 28 32 45 48 49 53 69 91 95 110 114 120 128 135 136 147
8 15 18 28 30 37 48 49 50 52 55 57 80 84 87 100 129 145
3 8 15 29 36 48 50 57 76 100 114 131 134 137 145 149
18 22 28 29 37 58 62 70 108 114 115 128 136 139
19 48 50 52 57 74 86 88 92 113 125 131
29 30 48 50 53 56 57 71 77 82 93 95 107 128 130 132 135
0 3 13 15 21 25 48 50 59 64 72 73 112 135 142
15 48 51 55 80 84 100 129 144
8 15 18 30 48 57 62 64 103 128 132 134 135
8 15 25 29 53 57 62 67 70 77 82 84 92 110 145
4 13 29 32 62 64 71 73 80 87 108 130 145 149
15 30 48 62 74 95 98 107 119 127 128 133
2 7 11 15 18 21 25 34 37 48 53 56 67 68 72 87 131 136 139 141
18 20 25 48 50 52 62 68 82 86 88 108 110 115 131 136 141 149
8 15 19 30 46 48 53 58 71 85 132
15 22 28 37 48 50 54 58 125
62 73 74 80 82 115 131 136 139
8 19 27 29 48 55 64 87 103 129 132 136 139 142 145 149
2 15 72 95 103 131 138
13 15 19 48 51 70 73 80 84 87 92 110 115 120 125 128 132 136 137
9 14 17 19 29 51 58 92 107 115 125 127 145
4 7 11 16 17 44 48 54 66 72 73 78 93 108 110 115 116 146
8 13 48 53 62 64 70 78 87 114 120 126
36 37 48 51 55 64 88 91 93 96 108 114 134 145 146 149
18 30 44 50 61 70 95 114 136
8 17 27 29 39 40 59 100 104 110 120 129 131 134 135 137 149
5 50 53 55 56 64 70 79 84 87 100 108 120 139
22 51 53 62 67 70 88 93 99 118 125 131 135
7 11 51 55 57 100 130 139
3 8 15 18 30 36 48 70 110 113 115 116 119 130 135 139 144
13 14 37 49 50 55 61 92 118 120 136
13 36 45 62 80 96 104 108 120 132 136
22 59 62 63 84 86 92 99 102 115 120 125 136 144
1 3 8 14 15 46 50 53 54 81 87 107 110 114 115 118 125 135 137 138 139 149
21 28 48 62 70 95 103 115 118 128 131 135 146 149